0     1 2    3    |    0     1 2    3    |     0     1 2    3 

11           4    |    11           4    |     11           4
10           5    |    10           5    |     10           5

9     8 7    6    |    9     8 7    6    |     9     8 7    6

----------------------------------------------------------

0     1 2    3    |    0     1 2    3    |     0     1 2    3 

11           4    |    11           4    |     11           4
10           5    |    10           5    |     10           5

9     8 7    6    |    9     8 7    6    |     9     8 7    6

----------------------------------------------------------

0     1 2    3    |    0     1 2    3    |     0     1 2    3 

11           4    |    11           4    |     11           4
10           5    |    10           5    |     10           5

9     8 7    6    |    9     8 7    6    |     9     8 7    6

0 -> 6
1 -> 8
2 -> 7
3 -> 9
4 -> 11
5 -> 10
6 -> 0
7 -> 2
8 -> 1
9 -> 3
10 -> 5
11 -> 4


-1 -1   0 -1   1 -1
-1 0    0 0    1  0
-1 1    0 1    1  1

0      